[-40.592697;30.820369;-5.705246]
[-64.121702;58.127676;-6.831741]
[-64.121702;58.153538;-6.831852]
[-64.805223;30.875935;-6.685386]
[-39.282314;30.819776;-4.884829]
[-64.803023;30.819364;-4.812518]
[-64.805223;30.820832;-6.518061]
[-63.270515;30.820240;-5.322127]
[-64.421134;30.820369;-5.691875]
[-62.953055;30.818651;-3.905992]
[-51.094466;37.780718;-7.635262]
[-64.121702;37.780718;-6.761952]
[-62.138679;37.780718;-7.586804]
[-49.153908;30.820832;-6.548591]
[-51.962073;30.820240;-5.358986]
[-60.767981;37.779900;-6.911473]
[-63.724847;30.819957;-5.298075]
[-53.182378;30.820832;-6.522943]
