[-0.359968;1200.197595;-0.610987]
[-0.318203;1017.825241;-0.613940]
[-0.312688;1054.427142;-1.022557]
[-0.330147;1041.618883;-0.634672]
[-0.319235;1633.703607;-2.980471]
[-0.355878;1338.229521;-2.794124]
[-0.259609;400.388264;-0.674830]
[-0.270658;872.244308;-2.826190]
[-0.333521;1361.743848;-2.821470]
[-0.355178;1102.832736;-0.666569]
[-0.321839;1236.854004;-2.774742]
[-0.355878;1319.783081;-1.048212]
[-0.312202;869.415955;-1.120623]
[-0.257265;471.429264;-1.082190]
[-0.355178;1138.585217;-0.997267]
[-0.229949;367.095642;-0.643541]
[-0.266081;1399.141637;-3.967867]
[-0.240510;1245.071051;-3.988467]
[-0.352863;1100.240196;-0.638821]
