[-0.312559;857.443629;-0.983302]
[-0.295008;704.186785;-0.975901]
[-0.319235;1633.703607;-2.980471]
[-0.355878;1338.229521;-2.794124]
[-0.259609;400.388264;-0.674830]
[-0.270658;872.244308;-2.826190]
[-0.333521;1361.743848;-2.821470]
[-0.355178;1102.832736;-0.666569]
[-0.321839;1236.854004;-2.774742]
[-0.312202;869.415955;-1.120623]
[-0.257265;471.429264;-1.082190]
[-0.355178;1138.585217;-0.997267]
[-0.229949;367.095642;-0.643541]
[-0.240510;1245.071051;-3.988467]
[-0.352863;1100.240196;-0.638821]
[-0.355878;1319.783081;-1.051831]
[-0.266081;1399.141637;-3.975401]
[-0.300694;704.949297;-0.962192]
[-0.168192;662.156235;-3.977830]
[-0.222333;415.720787;-0.974645]
