[-0.323580;1338.229521;-3.089529]
[-0.242447;592.207227;-3.058884]
[-0.315050;1138.585217;-3.074799]
[-0.355878;1338.229521;-2.794124]
[-0.259609;400.388264;-0.674830]
[-0.355178;1102.832736;-0.666569]
[-0.355178;1138.585217;-0.997267]
[-0.352863;1100.240196;-0.638821]
[-0.266081;1399.141637;-3.975401]
[-0.300694;704.949297;-0.962192]
[-0.168192;662.156235;-3.977830]
[-0.301059;863.550232;-2.340922]
[-0.300064;877.455289;-2.365013]
[-0.355878;1317.435088;-2.518267]
[-0.257265;471.429264;-2.792985]
[-0.147860;309.416717;-3.967232]
[-0.257718;532.026094;-2.845223]
[-0.159218;393.054613;-3.937593]
[-0.303173;905.946747;-2.845069]
[-0.258204;569.791373;-2.853489]
[-0.201300;759.394265;-4.968452]
[-0.307016;907.773980;-2.955634]
[-0.255333;621.663490;-3.000678]
[-0.255333;705.408930;-3.083029]
[-0.313164;1262.480761;-3.284788]
[-0.271555;1325.950659;-3.354264]
[-0.207280;367.095642;-3.409832]
