[-0.333089;1073.879939;-1.749137]
[-0.215491;604.008594;-2.278875]
[-0.297638;954.801054;-2.274473]
[-0.319235;1633.703607;-2.980471]
[-0.355878;1338.229521;-2.794124]
[-0.259609;400.388264;-0.674830]
[-0.270658;872.244308;-2.826190]
[-0.333521;1361.743848;-2.821470]
[-0.355178;1102.832736;-0.666569]
[-0.321839;1236.854004;-2.774742]
[-0.312202;869.415955;-1.120623]
[-0.257265;471.429264;-1.082190]
[-0.355178;1138.585217;-0.997267]
[-0.229949;367.095642;-0.643541]
[-0.240510;1245.071051;-3.988467]
[-0.352863;1100.240196;-0.638821]
[-0.355878;1319.783081;-1.051831]
[-0.266081;1399.141637;-3.975401]
[-0.300694;704.949297;-0.962192]
[-0.168192;662.156235;-3.977830]
[-0.222333;415.720787;-0.974645]
[-0.181284;379.227689;-0.701629]
[-0.341862;1097.417307;-2.273023]
[-0.314251;1014.142923;-1.750357]
