[-0.179623;463.487303;-3.949486]
[-0.311422;932.817535;-2.997448]
[-0.190981;533.298275;-3.009203]
[-0.300064;932.468463;-2.990209]
[-0.355878;1338.229521;-2.794124]
[-0.259609;400.388264;-0.674830]
[-0.355178;1102.832736;-0.666569]
[-0.355178;1138.585217;-0.997267]
[-0.352863;1100.240196;-0.638821]
[-0.266081;1399.141637;-3.975401]
[-0.300694;704.949297;-0.962192]
[-0.168192;662.156235;-3.977830]
[-0.301059;863.550232;-2.340922]
[-0.300064;877.455289;-2.365013]
[-0.355878;1317.435088;-2.518267]
[-0.257265;471.429264;-2.792985]
[-0.147860;309.416717;-3.967232]
[-0.257718;532.026094;-2.845223]
[-0.159218;393.054613;-3.937593]
[-0.303173;905.946747;-2.845069]
[-0.222119;367.095642;-2.721596]
[-0.258204;569.791373;-2.853489]
[-0.201300;759.394265;-4.968452]
[-0.307016;907.773980;-2.955634]
[-0.255333;621.663490;-3.000678]
[-0.243593;467.592904;-2.998031]
[-0.173454;379.227689;-2.998910]
[-0.232030;569.791373;-3.002796]
