[-0.091750;928.226908]
[-0.318518;2303.706174]
[-0.341856;3235.012851]
[-0.353568;4190.178071]
[-0.284193;1633.228610]
[-0.073009;548.616347]
[-0.000000;93.023784]
[-0.049439;336.039893]
[-0.059653;524.233615]
[-0.008403;187.526175]
[-0.021044;257.038772]
[-0.299060;1762.994141]
[-0.194656;932.973396]
[-0.337499;2921.677198]
[-0.261187;1583.907508]
[-0.341479;3224.610297]
[-0.223826;1221.209252]
[-0.254008;1548.579810]
[-0.076852;857.886151]
[-0.010718;246.398352]
[-0.237087;1352.612460]
[-0.304674;2257.660264]
[-0.219112;1065.412090]
