[gs-0],[800.0;30.0;3;1;0],[73.254946;48.019266;25.261422;-99.932269]
[gs-0],[800.0;30.0;4;1;0],[24.887180;35.988689;25.261417;-85.406291]
[gs-0],[800.0;30.0;4;1;0],[33.811530;13.746521;25.261417;-95.250357]
[gs-0],[500.0;10.0;3;1;0],[13.094485;72.275052;25.261458;-77.955659]
[gs-0],[800.0;10.0;3;1;0],[24.778561;12.223916;25.261422;-84.959663]
[gs-0],[700.0;30.0;3;1;0],[14.774746;78.789218;25.261433;-94.890607]
[gs-0],[800.0;30.0;1;1;0],[10.638541;11.638637;38.070879;-50.691184]
[gs-0],[400.0;10.0;3;1;0],[11.288202;68.444536;25.261472;-73.350603]
[gs-0],[400.0;10.0;2;1;0],[10.204406;69.808924;25.262563;-85.905817]
[gs-0],[700.0;30.0;3;1;0],[14.294606;52.164856;25.261433;-74.393587]
[gs-0],[500.0;20.0;3;1;0],[11.571549;30.046445;25.261458;-65.459990]
[gs-0],[800.0;20.0;3;1;0],[13.080449;11.877480;25.261422;-9.582343]
[gs-0],[700.0;30.0;2;1;0],[50.874684;10.644718;25.262524;-32.385757]
[gs-0],[400.0;0.0;4;1;0],[24.113279;10.938954;25.261468;-40.840968]
[gs-0],[700.0;30.0;4;1;0],[72.908328;23.640747;25.261428;-96.453423]
[gs-0],[800.0;10.0;3;1;0],[15.840797;31.032309;25.261422;-99.922117]
[gs-0],[800.0;10.0;3;1;0],[12.138439;13.947127;25.261422;-69.978861]
[gs-0],[700.0;30.0;3;1;0],[86.663738;10.413268;25.261433;-36.501622]
[gs-0],[700.0;30.0;3;1;0],[10.687789;34.498590;25.261433;-72.649646]
