[gs-0],[400.0;10.0;3;1;0],[13.808931;42.520784;25.261472;-18.948554]
[gs-0],[400.0;10.0;2;1;0],[10.204406;69.808924;25.262563;-85.905817]
[gs-0],[800.0;10.0;4;1;0],[23.477405;56.864908;25.261417;-6.178111]
[gs-0],[400.0;30.0;4;1;0],[42.416096;51.846372;25.261468;-96.405879]
[gs-0],[700.0;30.0;3;1;0],[19.222359;31.361434;25.261433;-24.668272]
[gs-0],[800.0;10.0;3;1;0],[24.778561;12.223916;25.261422;-84.959663]
[gs-0],[400.0;10.0;3;1;0],[27.807938;41.666122;25.261472;-96.251089]
[gs-0],[700.0;30.0;4;1;0],[63.213278;11.241090;25.261428;-24.198505]
[gs-0],[700.0;30.0;3;1;0],[14.774746;78.789218;25.261433;-94.890607]
[gs-0],[800.0;30.0;4;1;0],[24.166112;25.693631;25.261417;-29.422758]
[gs-0],[800.0;30.0;4;1;0],[95.105709;63.949236;25.261417;-97.098421]
[gs-0],[700.0;30.0;2;1;0],[16.818290;57.818634;25.262524;-89.005415]
[gs-0],[500.0;10.0;4;1;0],[19.090101;31.804352;25.261453;-92.834214]
[gs-0],[800.0;30.0;4;1;0],[74.190945;40.869973;25.261417;-95.472167]
[gs-0],[800.0;30.0;4;1;0],[23.065265;97.467605;25.261417;-97.825430]
[gs-0],[400.0;10.0;3;1;0],[13.343260;61.342023;25.261472;-64.365732]
[gs-0],[400.0;10.0;1;1;0],[76.167573;38.794755;38.071127;-97.693363]
[gs-0],[800.0;30.0;1;1;0],[10.638541;11.638637;38.070879;-50.691184]
[gs-0],[400.0;0.0;3;1;0],[20.895212;14.763528;25.261472;-15.757910]
[gs-0],[400.0;10.0;1;1;0],[68.892550;47.021601;38.071127;-98.938064]
[gs-0],[500.0;10.0;1;1;0],[13.119526;55.088335;38.071054;-64.033488]
[gs-0],[400.0;10.0;3;1;0],[11.288202;68.444536;25.261472;-73.350603]
[gs-0],[800.0;30.0;4;1;0],[45.498373;11.127613;25.261417;-4.918417]
[gs-0],[400.0;10.0;3;1;0],[83.283617;24.012038;25.261472;-86.954628]
[gs-0],[800.0;10.0;4;1;0],[33.463144;71.049595;25.261417;-98.610067]
[gs-0],[700.0;30.0;3;1;0],[14.294606;52.164856;25.261433;-74.393587]
