[gs-0],[800.0;30.0;4;1;0],[24.166112;25.693631;25.261417;-29.422758]
[gs-0],[800.0;30.0;3;1;0],[17.135031;43.548470;25.261422;-0.674159]
[gs-0],[500.0;10.0;4;1;0],[19.090101;31.804352;25.261453;-92.834214]
[gs-0],[800.0;0.0;4;1;0],[41.982110;31.728364;25.261417;-75.070836]
[gs-0],[800.0;30.0;4;1;0],[74.190945;40.869973;25.261417;-95.472167]
[gs-0],[800.0;30.0;4;1;0],[21.532727;34.560927;25.261417;-69.309657]
[gs-0],[800.0;30.0;1;1;0],[23.928636;11.967836;38.070879;-37.243730]
[gs-0],[400.0;10.0;1;1;0],[10.882511;72.098783;38.071127;-80.289261]
[gs-0],[800.0;30.0;4;1;0],[28.216386;72.464797;25.261417;-69.483428]
[gs-0],[800.0;30.0;4;1;0],[23.065265;97.467605;25.261417;-97.825430]
[gs-0],[400.0;30.0;4;1;0],[42.416096;51.846372;25.261468;-96.405879]
[gs-0],[700.0;30.0;3;1;0],[19.222359;31.361434;25.261433;-24.668272]
[gs-0],[800.0;10.0;3;1;0],[24.778561;12.223916;25.261422;-84.959663]
[gs-0],[400.0;10.0;3;1;0],[27.807938;41.666122;25.261472;-96.251089]
[gs-0],[500.0;30.0;3;1;0],[12.764294;97.019570;25.261458;-37.427898]
[gs-0],[700.0;30.0;4;1;0],[63.213278;11.241090;25.261428;-24.198505]
[gs-0],[700.0;30.0;3;1;0],[14.774746;78.789218;25.261433;-94.890607]
[gs-0],[800.0;30.0;4;1;0],[95.105709;63.949236;25.261417;-97.098421]
[gs-0],[700.0;30.0;2;1;0],[16.818290;57.818634;25.262524;-89.005415]
