[gs-0],[800.0;20.0;3;1;0],[22.804216;20.354932;25.261422;-19.096200]
[gs-0],[700.0;30.0;2;1;0],[50.874684;10.644718;25.262524;-32.385757]
[gs-0],[400.0;0.0;4;1;0],[24.113279;10.938954;25.261468;-40.840968]
[gs-0],[800.0;10.0;4;1;0],[96.289659;23.209188;25.261417;-29.429395]
[gs-0],[800.0;20.0;4;1;0],[65.813459;53.761944;25.261417;-72.457056]
[gs-0],[400.0;30.0;4;1;0],[42.416096;51.846372;25.261468;-96.405879]
[gs-0],[800.0;10.0;3;1;0],[24.778561;12.223916;25.261422;-84.959663]
[gs-0],[400.0;10.0;3;1;0],[27.807938;41.666122;25.261472;-96.251089]
[gs-0],[700.0;30.0;3;1;0],[14.774746;78.789218;25.261433;-94.890607]
[gs-0],[700.0;30.0;2;1;0],[16.818290;57.818634;25.262524;-89.005415]
[gs-0],[500.0;10.0;4;1;0],[19.090101;31.804352;25.261453;-92.834214]
[gs-0],[800.0;30.0;4;1;0],[74.190945;40.869973;25.261417;-95.472167]
[gs-0],[400.0;10.0;1;1;0],[76.167573;38.794755;38.071127;-97.693363]
[gs-0],[800.0;30.0;1;1;0],[10.638541;11.638637;38.070879;-50.691184]
[gs-0],[400.0;0.0;3;1;0],[20.895212;14.763528;25.261472;-15.757910]
[gs-0],[400.0;10.0;1;1;0],[68.892550;47.021601;38.071127;-98.938064]
[gs-0],[400.0;10.0;3;1;0],[11.288202;68.444536;25.261472;-73.350603]
[gs-0],[400.0;10.0;3;1;0],[83.283617;24.012038;25.261472;-86.954628]
[gs-0],[400.0;10.0;2;1;0],[10.204406;69.808924;25.262563;-85.905817]
[gs-0],[700.0;30.0;3;1;0],[14.294606;52.164856;25.261433;-74.393587]
[gs-0],[600.0;20.0;4;1;0],[26.535679;58.140657;25.261440;-99.898348]
[gs-0],[800.0;30.0;4;1;0],[16.037237;65.563940;25.261417;-99.912878]
[gs-0],[500.0;20.0;3;1;0],[11.571549;30.046445;25.261458;-65.459990]
[gs-0],[800.0;20.0;3;1;0],[13.080449;11.877480;25.261422;-9.582343]
[gs-0],[400.0;20.0;3;1;0],[45.545653;19.545799;25.261472;-85.405603]
